170.476986945
299.519576945
370.556686945
441.602832105
457.588716945
514.610176945
515.319050082
628.653106945
695.029862974
715.685136945
818.870038734
830.712076945
993.775406945
1044.44040988
1085.10739281
1122.81799695
1225.82718695
1228.9023908
1381.92829695
1489.00252093
1544.99162695
1612.91635319
1644.06003695
1768.41188706
1800.16114695
1856.70237481
1899.22955695
2027.28813695
2070.58058333
2127.95406172
2190.35146695
2203.30218959
2318.44642695
2389.48353695
2414.78607471
2457.69278977
2504.51047695
2518.52612695
2589.56323695
2591.54250695
2704.62656695
2720.59445067
2745.66434695
2758.88146436
2782.68456773
2814.77803237
2835.66705695
2873.75930695
2889.29387012
2904.68903867
2936.71473695
2970.81206695
2993.73619695
3027.83352695
3096.74538695
3110.88243094
3140.91758695
3167.78249695
3172.69934596
3241.96526695
3314.85090695
3328.91752597
3355.04932695
3465.40882018
3477.91423695
3518.11265695
3574.96699695
3674.03540695
3674.21376695
3745.07251695
3787.29782695
3860.04799554
3901.17362695
3938.1086946
3973.37713695
4032.21411695
4070.42989695
4141.46700695
4195.27744695
4272.50749695
4351.37855695
4385.59155695
4466.40549695
4499.63448695
4556.65594695
4569.41468695
4633.80197726
4647.300847
4684.75090695
4745.13522353
4755.49399695
4797.83496695
4803.07878427
4868.57805695
4910.91902695
4952.93144388
4971.58724695
4981.95613695
5110.01471695
5118.65565695