846
781 767
403 445
277 689
368 44
28 204
198 386
24 737
334 733
567 146
87 688
63 181
829 175
552 269
162 370
238 503
55 18
38 17
680 160
417 466
770 666
423 426
306 624
468 474
56 51
215 53
725 194
597 246
330 593
629 251
833 393
80 222
71 230
107 146
50 19
123 580
30 27
192 323
23 98
68 21
83 301
735 349
16 42
320 184
516 76
139 155
832 330
207 225
454 96
194 303
4 511
53 25
665 305
43 36
123 117
363 530
522 432
70 382
47 213
14 3
165 87
6 154
204 761
9 1
10 15
384 698
21 27
513 163
159 661
38 546
403 724
88 468
193 229
335 92
539 289
91 690
5 438
113 84
185 162
668 288
235 252
285 341
128 203
489 196
378 490
583 479
693 196
48 22
128 365
14 77
334 314
403 550
650 270
459 377
109 32
650 745
375 542
711 563
154 631
741 706
785 257
210 712
790 157
486 165
341 678
802 177
137 604
228 179
145 287
106 118
487 425
807 619
623 211
838 33
246 723
89 788
58 405
515 398
164 395
602 226
126 332
359 464
441 137
17 460
469 27
403 153
336 291
213 218
321 269
384 162
93 658
147 119
286 478
589 633
167 24
657 607
32 264
6 5
212 555
261 259
573 233
59 14
119 126
15 331
464 590
164 551
565 141
253 116
458 267
401 390
138 198
434 564
256 480
581 777
349 400
397 560
334 360
569 6
376 240
189 61
161 275
153 62
529 720
213 248
102 394
185 634
131 183
672 464
33 318
448 60
664 207
529 377
89 33
90 86
270 188
61 258
259 177
78 79
174 21
758 839
238 178
333 388
103 326
492 635
296 36
12 24
11 234
501 302
370 408
753 372
31 26
632 603
51 37
739 730
20 121
8 17
32 548
435 20
422 139
805 546
406 412
512 374
224 613
171 82
152 757
267 440
58 30
59 235
194 143
48 70
305 357
364 528
726 132
557 236
262 120
107 245
186 284
646 44
163 457
150 20
75 221
32 817
349 69
102 105
616 542
125 80
566 216
625 434
46 133
523 700
86 39
670 146
36 25
151 491
246 95
60 205
182 339
554 511
411 386
73 28
100 622
266 118
743 306
55 312
80 285
825 785
402 155
568 233
280 180
197 679
686 30
172 96
574 446
115 709
199 470
32 141
26 14
638 558
561 486
8 19
114 8
68 132
772 516
525 671
834 525
130 674
836 330
799 169
362 612
57 100
353 88
29 32
669 510
437 56
60 54
619 435
662 458
159 446
143 118
13 11
315 377
534 756
471 845
747 181
346 267
35 330
203 475
199 358
209 48
4 509
152 484
594 253
533 490
718 371
282 473
450 439
186 626
363 285
328 213
606 559
278 840
78 502
390 327
734 716
538 502
536 362
721 387
324 54
102 92
7 5
28 8
389 494
127 577
103 695
758 163
252 579
323 687
683 417
575 11
240 247
322 451
375 58
103 769
214 254
596 424
269 642
162 240
144 105
1 64
326 537
178 180
461 453
83 43
518 216
217 292
63 15
284 423
44 453
429 299
16 35
67 18
154 452
578 320
58 767
380 226
40 434
563 480
72 42
396 220
29 10
189 576
80 277
270 436
35 282
344 424
190 50
66 820
103 652
38 40
523 800
595 614
377 842
376 521
819 541
283 352
135 373
114 467
100 184
656 94
305 556
45 35
267 311
147 636
80 643
355 238
27 137
135 42
381 141
39 38
304 348
749 483
455 38
122 129
178 696
620 395
684 704
535 214
273 43
325 105
104 63
823 379
321 707
60 214
255 362
416 775
3 281
251 176
307 760
48 609
98 751
759 546
371 150
611 331
73 111
385 238
134 32
198 298
390 391
398 610
466 697
651 177
101 68
150 338
483 96
94 233
333 432
125 333
13 485
204 627
520 350
199 283
107 407
31 61
748 431
714 291
96 1
40 120
543 746
638 676
106 112
648 507
187 703
122 398
82 219
310 843
326 439
600 122
392 304
62 701
99 161
23 166
344 165
827 145
428 304
175 135
413 271
250 224
10 304
637 516
413 598
165 654
299 306
97 217
750 203
339 433
73 128
442 119
202 291
5 117
15 162
125 715
351 195
57 762
76 159
310 101
52 299
392 481
687 773
131 389
280 640
26 684
297 283
655 19
99 319
477 267
29 510
289 257
88 149
641 113
75 39
792 50
307 505
40 122
63 645
237 21
601 111
188 293
250 327
313 276
192 242
249 290
170 42
316 778
20 541
132 255
18 14
203 302
589 552
492 599
111 140
109 226
488 317
10 11
639 294
367 359
21 33
174 813
220 101
227 63
8 764
69 138
223 667
65 359
278 31
106 66
431 524
462 570
204 356
317 190
497 132
796 417
821 590
408 449
590 719
81 51
161 782
235 244
9 345
689 841
363 393
117 314
212 540
16 191
337 253
462 278
65 7
677 722
272 207
57 88
119 29
71 116
243 194
145 231
635 681
85 56
755 669
7 702
496 338
47 1
789 54
66 37
321 818
754 115
420 374
52 40
6 10
322 677
200 744
4 5
177 40
179 804
803 757
628 186
159 418
70 811
38 256
471 292
663 365
350 11
275 835
791 744
592 465
406 182
99 178
278 730
84 1
247 347
607 122
28 46
454 482
44 472
9 54
76 706
151 75
630 456
586 514
253 644
395 797
25 527
822 41
374 68
104 201
75 223
107 9
210 171
87 25
57 50
100 145
307 24
359 543
295 61
417 195
666 359
618 425
80 732
163 70
80 31
27 62
76 208
691 73
547 425
508 479
415 206
25 207
288 277
232 171
282 771
117 164
828 389
49 21
627 810
17 21
316 66
476 88
826 45
664 801
392 692
5 91
507 60
305 605
44 43
196 60
305 228
444 186
88 92
685 72
729 695
653 641
617 276
492 203
109 136
36 526
179 25
190 581
768 590
514 131
404 163
387 112
566 588
514 545
163 182
338 713
274 23
793 525
199 55
666 708
493 339
544 752
783 73
831 801
467 506
517 115
179 779
18 69
176 162
699 166
192 195
149 786
54 812
85 94
320 544
795 428
2 22
45 139
728 638
268 113
14 124
59 158
122 160
27 76
824 479
539 763
232 236
591 541
182 249
115 55
202 59
78 9
765 591
499 338
152 105
15 25
99 82
816 757
236 553
180 211
329 99
806 520
32 206
8 12
465 388
354 214
276 120
582 370
29 97
261 343
153 383
710 381
251 498
286 98
559 373
239 37
191 340
294 216
4 2
519 814
231 409
184 649
279 248
16 20
188 158
621 41
776 185
416 344
397 339
532 92
673 605
131 742
784 619
271 225
88 192
780 768
127 11
82 168
771 815
651 705
77 148
322 277
53 410
11 95
342 495
463 428
237 260
203 443
442 717
430 659
131 33
519 413
384 647
260 584
308 369
165 425
309 232
85 615
72 372
830 2
504 9
562 439
7 8
17 267
60 173
37 22
475 738
766 189
146 257
22 399
525 28
523 11
26 571
133 300
82 479
71 61
740 120
361 128
844 628
151 241
9 34
269 82
603 363
93 169
694 35
660 205
608 18
103 549
134 682
186 166
211 263
8 23
216 49
334 572
64 108
1 2
787 644
82 30
121 156
808 751
13 41
534 15
86 265
727 351
531 446
410 421
457 716
431 339
419 152
585 122
212 143
187 25
342 264
731 305
20 378
774 263
445 736
587 8
74 193
369 430
204 447